Test Results for A2C on Acrobot-v1
==================================================
episode_lengths: [97, 95, 77, 97, 86, 76, 85, 78, 73, 94, 80, 91, 90, 76, 91, 96, 82, 95, 81, 89, 77, 74, 96, 106, 73, 85, 73, 73, 96, 72, 500, 77, 115, 86, 86, 86, 81, 98, 90, 96, 72, 103, 77, 76, 90, 500, 97, 96, 89, 500, 81, 87, 94, 95, 97, 99, 85, 90, 73, 93, 104, 89, 73, 86, 81, 121, 80, 90, 73, 97, 72, 97, 78, 90, 73, 84, 77, 73, 95, 80, 92, 85, 72, 91, 91, 79, 500, 72, 73, 124, 82, 90, 66, 76, 95, 73, 93, 108, 100, 86]
mean_reward: -102.28
std_reward: 81.93303119011283
min_reward: -500.0
max_reward: -65.0
mean_length: 103.24
std_length: 81.73886713186084
