Test Results for A2C on Acrobot-v1
==================================================
episode_lengths: [72, 77, 95, 112, 95, 77, 96, 121, 71, 73, 111, 89, 87, 71, 80, 77, 73, 80, 97, 500, 85, 86, 116, 101, 109, 77, 99, 79, 76, 81, 500, 95, 109, 73, 122, 94, 72, 96, 77, 85, 78, 77, 500, 94, 74, 109, 79, 77, 81, 94, 74, 125, 97, 73, 95, 120, 141, 94, 74, 89, 79, 72, 81, 85, 225, 86, 73, 306, 74, 81, 500, 94, 90, 83, 86, 75, 76, 500, 91, 81, 91, 135, 128, 76, 96, 97, 83, 82, 101, 97, 90, 80, 90, 77, 91, 77, 86, 66, 88, 74]
mean_reward: -111.79
std_reward: 93.81250396402389
min_reward: -500.0
max_reward: -65.0
mean_length: 112.74
std_length: 93.60562162605406
